Running:  /srv/scratch/z5160268/2020_TasteofResearch/kaldi/egs/renee_thesis/s5/wav2vec_projects/myST_splitC.py

------> Setting duration limit... ------------------------------------ 

--> Files limited to less than 15 seconds.
7494
------> Files in dev/test not in all transcribed
                                               filepath  ...  portion
0     /srv/scratch/chacmod/MyST/myst-v0.3.0-171fbda/...  ...      dev
1     /srv/scratch/chacmod/MyST/myst-v0.3.0-171fbda/...  ...      dev
2     /srv/scratch/chacmod/MyST/myst-v0.3.0-171fbda/...  ...      dev
3     /srv/scratch/chacmod/MyST/myst-v0.3.0-171fbda/...  ...      dev
4     /srv/scratch/chacmod/MyST/myst-v0.3.0-171fbda/...  ...      dev
...                                                 ...  ...      ...
4035  /srv/scratch/chacmod/MyST/myst-v0.3.0-171fbda/...  ...     test
4036  /srv/scratch/chacmod/MyST/myst-v0.3.0-171fbda/...  ...     test
4037  /srv/scratch/chacmod/MyST/myst-v0.3.0-171fbda/...  ...     test
4038  /srv/scratch/chacmod/MyST/myst-v0.3.0-171fbda/...  ...     test
4039  /srv/scratch/chacmod/MyST/myst-v0.3.0-171fbda/...  ...     test

[7462 rows x 4 columns]
                                            filepath  \
0  /srv/scratch/chacmod/MyST/myst-v0.3.0-171fbda/...   
1  /srv/scratch/chacmod/MyST/myst-v0.3.0-171fbda/...   
2  /srv/scratch/chacmod/MyST/myst-v0.3.0-171fbda/...   
3  /srv/scratch/chacmod/MyST/myst-v0.3.0-171fbda/...   
4  /srv/scratch/chacmod/MyST/myst-v0.3.0-171fbda/...   

                                       transcription  duration spkr_id portion  
0  the one that looks like uh sort of like a swit...    16.862  997472     NaN  
1  the names of a those little circles at the bot...    15.988  997472     NaN  
2  um i forget its name but i think it starts wit...     9.743  997472     NaN  
3  i see um a light bulb and that one of the wire...    13.053  997472     NaN  
4  you connect the wires to it and then it flows ...     9.233  997472     NaN  
filepath         False
transcription     True
duration         False
spkr_id          False
portion          False
dtype: bool
WARNING: Speakers are appearing in multiple portions!
------------- all_spkrs
997472
990015
013211
022212
013208
995535
988449
002261
007073
993200
007087
990365
013023
007071
007094
008005
013234
990592
986612
993208
996704
986620
014031
012201
988451
013059
989121
007072
990384
014028
002004
004030
008263
013065
990073
007090
997494
990545
012011
990359
013001
002119
995310
007238
990503
997001
005027
995316
996410
990060
990333
990047
995312
017077
013225
990388
997238
990589
990562
990006
013228
990009
990383
990379
013205
995315
997283
019007
012032
013241
004020
008250
990565
990056
990502
990597
997245
990062
997496
013066
007004
002262
996412
013053
990588
002282
013213
007246
013227
990348
990076
990036
996300
993206
012019
995538
007252
990371
990347
986618
012023
013251
012017
989118
996271
990580
018217
990578
013209
995752
990059
014015
014022
990574
996705
013030
004025
990337
996436
004014
988450
990043
990050
018210
002275
990340
002260
017086
018205
993766
996220
990046
996711
996712
013021
990387
990380
990075
997232
990625
002121
012214
017091
990591
020221
996421
997235
007239
002308
018207
018211
990058
996418
017092
993203
013036
990599
012205
990587
014013
996217
996432
993757
995745
990037
004015
002107
013061
996409
996414
990541
013015
997037
013025
995526
996724
995734
996219
990049
990568
990025
013223
017082
990594
990630
990352
995321
990008
002304
997487
990501
990019
013226
002126
995308
002118
999464
014020
988454
999460
990579
988440
990028
990030
997470
997004
014025
990032
990022
013236
014027
996423
022220
004026
997239
986608
990332
013018
996725
997285
999459
013029
007256
002102
008059
996407
005022
008041
008065
008245
997702
996703
022207
996428
012219
018206
997276
990567
013056
990052
999455
995111
007242
996416
008254
990084
997246
997244
995307
022206
007257
008236
993000
996433
007251
995735
990354
993210
008049
012210
007254
007304
990007
990573
990595
020216
002297
990004
007255
008253
988446
007008
986611
996429
997481
990068
998670
013221
004012
013207
002267
990045
014014
007084
990622
997682
990547
004013
004033
990566
013016
986617
997676
007100
990351
990561
996419
990542
002122
018214
995008
997277
012225
995515
990350
012020
989105
995304
990367
005028
002123
007075
017095
993202
988444
990339
008060
995513
014018
995534
008061
995527
998654
996716
012001
995509
004024
990065
004027
007089
990368
990042
990331
017022
004032
020204
004029
005024
013020
012215
995004
993207
996277
007097
990069
018203
997278
002271
004018
002268
990071
995739
997236
997485
022219
997237
012031
996438
002120
002269
990377
013042
007241
986619
022211
990034
990064
012209
997275
990507
990374
990382
008051
990364
012217
017085
014019
013057
999469
990031
995318
990342
002109
990026
990370
990344
004016
995007
002127
990504
995009
997674
005012
012202
018001
996710
004011
013219
007077
990629
002026
990363
017071
008058
996415
990063
008040
007250
008056
997281
990564
990338
990012
990544
014033
996715
990335
996437
990074
989111
997690
013045
007232
996272
017084
002311
004034
997241
997279
997007
990575
990013
013050
990057
002033
013049
995737
005015
002278
007003
990349
022216
997282
997272
989107
995520
997031
990003
988443
004019
997231
990039
990569
996435
988442
005011
990376
996718
989119
990041
022208
997038
990080
002276
997233
004023
012028
990067
013027
990369
013063
989116
007078
013044
996408
022201
012218
997243
989114
013026
997240
990378
997008
995514
995325
997287
990048
002307
002273
990543
990023
990353
002305
017087
007081
007093
008043
002303
995319
996411
997252
995006
997247
008064
002037
990362
996289
996417
995005
007233
002281
007204
013046
012012
997679
999489
018215
007083
995322
997486
990357
996290
007389
014032
014035
995741
004022
993211
018213
022205
020226
002116
012015
002274
007205
995002
989108
013054
008057
005026
997230
002112
990054
996297
012021
990002
990072
007096
007310
995731
990016
990554
995305
990066
996431
014017
988441
012018
989110
013022
007206
990385
993758
990596
990081
990044
995531
997408
993204
993201
014026
990540
007231
004021
012220
004028
014012
995001
986000
995301
002036
002103
007253
997673
993764
990051
990070
996702
997026
995314
002013
990555
995523
997225
013034
997012
996215
990358
995736
996226
007216
018219
990001
018216
002034
002296
995311
990557
989117
002283
002290
993209
997249
990386
990017
990029
013031
013033
022214
997478
996425
012027
990020
997685
018212
990014
022218
002259
990356
990548
997670
996228
007293
005016
999468
990366
999466
990061
007240
990038
018208
002292
990559
986613
998663
999465
990018
007244
997032
996700
997250
997286
012204
996426
004031
995742
002300
990033
013052
990055
996420
989103
990355
999462
008055
002016
022209
993739
996427
995326
022202
990330
990381
002294
990375
990024
997273
990346
014024
013064
012213
013011
996430
001091
007088
990035
004017
007082
996434
997480
996422
012206
005025
012227
988448
013060
986609
990372
002105
002117
990623
008045
995320
995532
002030
990053
988439
990500
997495
995057
990585
002104
988445
002309
993755
007005
013062
997248
004095
990556
020236
995738
002113
013013
012016
996424
986615
990334
995510
002114
013048
990040
990082
990027
990593
012030
990083
------------- pretrain_spkrs
997472
990015
013211
022212
013208
995535
002261
007073
993200
007087
990365
013023
007071
007094
990592
986612
993208
996704
986620
012201
988451
013059
007072
990384
002004
004030
008263
013065
990073
007090
990545
012011
990359
013001
002119
007238
990503
997001
005027
995316
996410
990060
990333
990047
995312
017077
013225
990388
990589
990562
990006
013228
990009
990383
990379
013205
995315
997283
019007
012032
004020
008250
990565
990056
990502
990597
997245
990062
997496
013066
007004
002262
996412
990588
002282
013213
007246
013227
990348
990076
990036
996300
007252
990371
990347
986618
012023
013251
012017
989118
996271
018217
990578
013209
995752
990059
014015
996705
013030
004025
996436
004014
990043
990050
018210
002275
002260
017086
993766
996220
990046
996711
996712
013021
990387
990380
990075
997232
990625
002121
012214
017091
990591
020221
997235
007239
002308
018207
018211
990058
996418
017092
993203
013036
990599
012205
990587
014013
996217
996432
993757
990037
004015
002107
013061
996409
996414
990541
013015
997037
995526
996724
995734
996219
990568
990025
013223
990594
990630
990352
995321
990008
002304
997487
990501
990019
002126
995308
002118
999464
014020
988454
999460
990579
988440
990028
990030
997470
997004
014025
990032
990022
013236
022220
004026
997239
986608
013018
996725
999459
013029
007256
002102
996407
005022
008065
997702
996703
022207
996428
012219
018206
990567
013056
999455
007242
996416
008254
990084
997246
997244
995307
022206
007257
993000
996433
007251
995735
990354
993210
008049
012210
007254
990007
990573
020216
002297
007255
008253
007008
986611
996429
990068
998670
013221
004012
013207
002267
990045
014014
007084
990622
997682
990547
004013
004033
990566
013016
997676
007100
990351
996419
990542
002122
018214
995008
997277
012225
995515
990350
989105
995304
005028
002123
007075
017095
988444
990339
995513
014018
008061
995527
998654
996716
012001
995509
004024
990065
004027
007089
990368
990042
990331
017022
004032
005024
013020
012215
995004
993207
996277
990069
018203
997278
002271
004018
002268
990071
995739
997236
997485
022219
997237
012031
996438
002120
002269
990377
013042
007241
022211
990034
990064
012209
990507
990374
990382
008051
990364
012217
017085
013057
999469
990031
995318
990342
002109
990026
990370
990344
004016
995007
002127
990504
995009
997674
005012
996710
004011
007077
990629
002026
990363
017071
996415
990063
008040
007250
997281
990338
990012
990544
014033
996715
996437
990074
989111
997690
013045
007232
996272
004034
997241
997279
997007
990575
990013
990057
002033
013049
995737
005015
002278
007003
022216
997282
997272
995520
997031
990003
988443
004019
997231
990039
990569
996435
988442
005011
990376
996718
989119
990041
022208
997038
990080
002276
004023
012028
990067
013027
990369
013063
989116
996408
022201
989114
013026
990378
997008
995514
995325
997287
990048
002307
002273
990543
990023
002305
017087
007081
007093
008043
002303
995319
996411
997252
997247
008064
990362
996289
996417
995005
007233
002281
007204
013046
012012
997679
007083
995322
997486
996290
014032
014035
995741
004022
993211
018213
022205
020226
002116
012015
002274
007205
995002
989108
013054
005026
997230
002112
990054
996297
012021
990002
990072
007096
007310
995731
990016
990554
990066
996431
988441
012018
989110
013022
007206
990385
993758
990596
990081
990044
995531
997408
993204
993201
014026
990540
007231
004021
004028
014012
995001
986000
995301
002036
002103
007253
997673
993764
990051
990070
996702
997026
995314
002013
995523
013034
997012
996215
995736
996226
007216
018219
990001
018216
002296
995311
990557
989117
002283
002290
993209
997249
990386
990017
990029
013031
013033
022214
997478
996425
012027
990020
997685
990014
990356
990548
997670
996228
005016
999468
990366
999466
990061
007240
990038
018208
002292
990559
998663
999465
990018
007244
996700
997250
997286
012204
996426
004031
995742
002300
990033
013052
990055
996420
990355
999462
008055
002016
022209
993739
996427
022202
990330
990381
002294
990375
990024
997273
990346
013064
012213
013011
996430
007088
990035
004017
007082
996434
005025
012227
988448
013060
986609
990372
002105
002117
990623
008045
995320
995532
002030
988439
990500
997495
995057
990585
002104
988445
002309
993755
007005
013062
997248
020236
995738
002113
013013
012016
996424
986615
995510
002114
013048
990040
990082
990027
990593
012030
990083
------------- finetune_spkrs
997472
990015
013211
022212
013208
995535
988449
002261
007073
993200
007087
990365
013023
007071
007094
008005
013234
990592
986612
993208
996704
986620
012201
988451
013059
007072
990384
002004
004030
008263
013065
990073
007090
997494
990545
012011
990359
013001
002119
007238
990503
997001
005027
995316
996410
990060
990333
990047
995312
017077
013225
990388
990589
990562
990006
013228
990009
990383
990379
013205
995315
997283
019007
012032
013241
004020
008250
990565
990056
990502
990597
997245
990062
997496
013066
007004
002262
996412
990588
002282
013213
007246
013227
990348
990076
990036
996300
007252
990371
990347
986618
012023
013251
012017
989118
996271
990580
018217
990578
013209
995752
990059
014015
014022
990574
996705
013030
004025
990337
996436
004014
990043
990050
018210
002275
002260
017086
993766
996220
990046
996711
996712
013021
990387
990380
990075
997232
990625
002121
012214
017091
990591
020221
996421
997235
007239
002308
018207
018211
990058
996418
017092
993203
013036
990599
012205
990587
014013
996217
996432
993757
990037
004015
002107
013061
996409
996414
990541
013015
997037
995526
996724
995734
996219
990568
990025
013223
017082
990594
990630
990352
995321
990008
002304
997487
990501
990019
013226
002126
995308
002118
999464
014020
988454
999460
990579
988440
990028
990030
997470
997004
014025
990032
990022
013236
022220
004026
997239
986608
990332
013018
996725
997285
999459
013029
007256
002102
008059
996407
005022
008065
997702
996703
022207
996428
012219
018206
990567
013056
990052
999455
995111
007242
996416
008254
990084
997246
997244
995307
022206
007257
993000
996433
007251
995735
990354
993210
008049
012210
007254
007304
990007
990573
990595
020216
002297
007255
008253
988446
007008
986611
996429
990068
998670
013221
004012
013207
002267
990045
014014
007084
990622
997682
990547
004013
004033
990566
013016
997676
007100
990351
996419
990542
002122
018214
995008
997277
012225
995515
990350
989105
995304
005028
002123
007075
017095
988444
990339
008060
995513
014018
008061
995527
998654
996716
012001
995509
004024
990065
004027
007089
990368
990042
990331
017022
004032
020204
005024
013020
012215
995004
993207
996277
990069
018203
997278
002271
004018
002268
990071
995739
997236
997485
022219
997237
012031
996438
002120
002269
990377
013042
007241
022211
990034
990064
012209
990507
990374
990382
008051
990364
012217
017085
013057
999469
990031
995318
990342
002109
990026
990370
990344
004016
995007
002127
990504
995009
997674
005012
018001
996710
004011
013219
007077
990629
002026
990363
017071
008058
996415
990063
008040
007250
008056
997281
990338
990012
990544
014033
996715
990335
996437
990074
989111
997690
013045
007232
996272
004034
997241
997279
997007
990575
990013
013050
990057
002033
013049
995737
005015
002278
007003
022216
997282
997272
989107
995520
997031
990003
988443
004019
997231
990039
990569
996435
988442
005011
990376
996718
989119
990041
022208
997038
990080
002276
004023
012028
990067
013027
990369
013063
989116
996408
022201
012218
989114
013026
990378
997008
995514
995325
997287
990048
002307
002273
990543
990023
990353
002305
017087
007081
007093
008043
002303
995319
996411
997252
997247
008064
990362
996289
996417
995005
007233
002281
007204
013046
012012
997679
999489
007083
995322
997486
990357
996290
007389
014032
014035
995741
004022
993211
018213
022205
020226
002116
012015
002274
007205
995002
989108
013054
005026
997230
002112
990054
996297
012021
990002
990072
007096
007310
995731
990016
990554
990066
996431
988441
012018
989110
013022
007206
990385
993758
990596
990081
990044
995531
997408
993204
993201
014026
990540
007231
004021
012220
004028
014012
995001
986000
995301
002036
002103
007253
997673
993764
990051
990070
996702
995314
002013
995523
997225
013034
997012
996215
990358
995736
996226
007216
018219
990001
018216
002296
995311
990557
989117
002283
002290
993209
997249
990386
990017
990029
013031
013033
022214
997478
996425
012027
990020
997685
990014
022218
990356
990548
997670
996228
007293
005016
999468
990366
999466
990061
007240
990038
018208
002292
990559
998663
999465
990018
007244
996700
997250
997286
012204
996426
004031
995742
002300
990033
013052
990055
996420
989103
990355
999462
008055
002016
022209
993739
996427
995326
022202
990330
990381
002294
990375
990024
997273
990346
014024
013064
012213
013011
996430
001091
007088
990035
004017
007082
996434
012206
005025
012227
988448
013060
986609
990372
002105
002117
990623
008045
995320
995532
002030
988439
990500
997495
995057
990585
002104
988445
002309
993755
007005
013062
997248
004095
990556
020236
995738
002113
013013
012016
996424
986615
995510
002114
013048
990040
990082
990027
990593
012030
990083
------------- dev_spkrs
014031
989121
014028
995310
997238
013053
995538
990340
018205
995745
014027
996423
008245
997276
008236
986617
990367
004029
986619
012202
017084
002311
013044
997243
997240
995006
002037
018215
014017
990334
------------- test_spkrs
993206
012019
988450
013025
990049
008041
990004
997481
990561
012020
993202
995534
007097
997275
014019
990564
990349
997233
007078
008057
995305
990555
002034
018212
002259
986613
997032
997480
996422
990053

------> Describing data... -------------------------------------------

------> All transcribed - all ------------------
# Hours: 223.06726954861108
Proportion of total transcribed hours: 0.9998068158431733
# Samples: 98094
Proportion of samples: 0.999673888673746
# Speakers: 737
Proportion of speakers: 1.0
------> All transcribed - merged ------------------
# Hours: 223.11037093749994
Proportion of total transcribed hours: 1.0
# Samples: 98126
Proportion of samples: 1.0
# Speakers: 737
Proportion of speakers: 1.0
------> Transcribed pretrain ------------------
# Hours: 96.4671278125
Proportion of total transcribed hours: 0.4323740192226358
# Samples: 14444
Proportion of samples: 0.14719849988789924
# Speakers: 631
Proportion of speakers: 0.8561736770691994
------> Finetune ------------------
# Hours: 111.622965625
Proportion of total transcribed hours: 0.5003037965288893
# Samples: 76188
Proportion of samples: 0.7764303038949921
# Speakers: 676
Proportion of speakers: 0.9172320217096337
------> Dev ------------------
# Hours: 7.282769652777778
Proportion of total transcribed hours: 0.03264200414429818
# Samples: 3454
Proportion of samples: 0.03519964127754112
# Speakers: 30
Proportion of speakers: 0.0407055630936228
------> Test ------------------
# Hours: 7.737507847222222
Proportion of total transcribed hours: 0.034680180104176936
# Samples: 4040
Proportion of samples: 0.04117155493956749
# Speakers: 30
Proportion of speakers: 0.0407055630936228

------> Saving to CSV... ----------------------------------------------

/srv/scratch/z5160268/2020_TasteofResearch/kaldi/egs/renee_thesis/s5/myST_local/THESIS_C/myST_transcribed.csv
/srv/scratch/z5160268/2020_TasteofResearch/kaldi/egs/renee_thesis/s5/myST_local/THESIS_C/myST_transcribed_pretrain.csv
/srv/scratch/z5160268/2020_TasteofResearch/kaldi/egs/renee_thesis/s5/myST_local/THESIS_C/myST_transcribed_finetune.csv
/srv/scratch/z5160268/2020_TasteofResearch/kaldi/egs/renee_thesis/s5/myST_local/THESIS_C/myST_transcribed_dev.csv
/srv/scratch/z5160268/2020_TasteofResearch/kaldi/egs/renee_thesis/s5/myST_local/THESIS_C/myST_transcribed_test.csv
Done!
